2 3 1 -7
50 30 20 10 25 40 45 70 90 80 -1
234 432 12 -6
234 432 234 -6
541 131 1425 16734 -8

53094 1167 37049 11080 8304 73157 91292 61515 16492 23245 
17849 92535 14270 73893 96455 11444 33560 29155 99298 72121 
48159 43026 15318 87096 28722 68348 31785 7689 10194 54524 
10870 63288 72043 64271 90720 96699 53780 98365 74566 70272 
37962 92416 62807 68585 82661 75614 96381 16221 4770 95680 
4694 52929 38706 20012 56377 67428 88360 88162 91469 14906 
59038 2339 94546 47433 66610 85267 44133 20390 99984 18699 
7014 37946 27467 86174 22883 10128 61788 19265 42701 66558 
14945 47395 35839 70003 83760 92217 37431 72120 80379 28900 
87027 55770 47591 81573 3203 30553 83192 63688 67295 99528 
82388 74309 53827 26207 60483 76710 36336 22272 95975 95389 
5182 27272 59137 41022 97275 42897 33239 34706 31369 29970 
79958 34748 2092 43901 16322 5296 74454 15866 68984 41749 
31747 67724 16059 85574 93932 92894 78636 46620 31518 90964 
42009 36701 18236 1146 77723 15512 60395 27314 66570 91765 
73636 62881 26513 75729 6782 59187 97377 81237 91406 66361 
22986 23153 50438 55397 25079 44370 48292 3715 90990 79810 
94679 49351 32863 12916 66850 10586 44780 27245 54252 11350 
35362 44241 90583 61876 19970 97366 37415 17347 78603 28821 
60 17941 68326 50498 73339 93405 11220 37983 13473 2210 
17793 8152 67914 50657 37420 34764 77595 98552 78361 48200 
26255 13724 92441 16838 91952 28763 14204 45719 46110 9159 
74541 62522 27101 59219 29373 440 52625 40593 54775 82450 
59156 72568 90602 27070 39577 44375 78186 33525 42927 72899 
98077 69182 2975 6870 2373 94927 35633 16577 56999 98095 
25737 47892 60617 52838 7111 6342 69630 76088 46936 24405 
58538 6092 13325 65493 49514 69255 26220 27700 19132 69147 
16951 17209 54682 19927 40431 57055 31206 76064 89984 88205 
74159 15721 36097 51128 84911 43209 57471 70893 35649 20759 
95298 94188 26851 24976 76033 92717 10583 2253 36769 29715 
87752 53720 63276 42434 73647 3707 15841 21206 96123 22178 
9411 70282 37899 61861 37762 39163 5070 11585 10056 57071 
32344 21707 51259 59195 46683 27292 68264 57266 45897 5033 
3333 33650 58754 82961 76084 48753 86668 8278 69959 99143 
30456 79371 69425 84707 57584 23539 23870 62654 35125 50279 
36077 67469 71986 87337 43017 35021 30981 11281 8639 76879 
16315 11972 10529 91421 94933 2965 40174 97953 27595 26486 
97096 74403 22209 82873 59111 79793 6412 99333 58799 57889 
65964 94876 25359 37950 98565 68376 72971 45899 96009 81610 
22778 28676 9934 49659 20097 21219 68976 76624 19172 12924 
3110 32620 87327 25319 31845 62790 5112 54610 78476 63911 
12499 44440 75139 54210 82391 73705 38938 71714 19604 34948 
53325 58734 63624 79611 24745 74 831 93721 76698 36355 
6645 96160 68976 10325 21479 17173 73115 42943 71783 67943 
23206 635 12384 98345 54845 11127 88402 93784 82841 8006 
45084 52518 83092 25060 32130 7837 25134 32961 1559 18184 
69316 24556 14344 54644 34881 35823 88170 24349 95118 59953 
92292 18324 76940 4676 33022 31786 15803 21424 41922 14997 
45783 87006 67515 28875 12066 99645 36713 53553 48958 54624 
71737 34627 79180 86082 5623 14062 38257 93793 54763 33376 
70099 47055 68052 47039 68084 17426 95177 83887 38851 53451 
15236 986 40457 82752 29861 68876 98749 82926 22429 64060 
37550 10518 98687 33083 96600 20662 63497 51210 14456 18260 
84586 907 65315 68990 64298 33399 86417 75828 33639 41620 
29279 48875 42606 86089 47979 88819 54965 46729 88098 93746 
27141 25648 4264 25828 58731 17217 62842 22228 68427 93650 
56840 69365 94557 22156 54707 58856 71907 41124 34684 21898 
99096 63963 87126 58054 66404 35105 63226 21369 98186 51324 
31467 25327 93324 52084 67507 68408 69301 30350 90636 37728 
24000 47477 23445 34910 85985 78152 93766 74244 35629 44802 
96143 34725 25117 83269 9132 91522 34726 72358 29243 32913 
40034 60711 74592 33358 12795 42100 1766 98448 88802 8755 
52528 29154 72584 75973 64064 74921 54125 74182 49165 6106 
18984 61660 57184 60454 61281 66316 68328 96008 55026 97571 
28921 95060 74634 19865 28418 3781 61965 46537 2229 67119 
55292 54757 96274 44228 47082 60338 19149 1208 50873 68314 
23666 86209 46327 80850 46663 7608 47166 14991 3616 2192 
28915 48889 13604 3549 68755 58375 7331 47072 4912 25912 
14192 76556 80670 26818 20784 27752 3508 39933 45312 54381 
24599 68979 40591 70926 66181 3606 78535 29700 18598 98503 
48244 47513 47393 61849 67414 32500 20224 91097 79572 25136 
17010 10116 1692 97680 53286 38828 41784 56795 78761 87097 
11176 19712 72428 68119 90639 38609 71726 85526 68309 6676 
84029 16554 70541 47774 94755 37955 80274 14979 29053 76199 
56467 62415 2667 74511 60095 55954 13339 1879 12749 8452 
5328 40277 28164 94108 24749 35155 49070 12827 37033 33731 
19503 21063 50285 90044 85189 61392 44351 81816 92723 89756 
58015 49190 52171 77034 40053 28618 32988 53392 30498 62089 
78196 52178 18719 22713 46287 43468 57868 95357 56295 94902 
29088 92150 32317 95726 82194 17506 73470 42897 99322 66194 
32654 73689 15384 1177 50724 55438 29796 64 25182 76646 
62154 19731 28824 80873 42444 91463 40693 312 3172 13340 
11566 48613 5490 60235 60691 4036 94094 34161 46933 9768 
355 95939 83458 32092 97117 50534 3882 26913 50598 45416 
3559 29104 65147 48735 26329 7591 40199 67022 24256 59723 
96714 52174 8336 2204 12410 85379 22592 6504 19541 85878 
16272 36248 81817 16082 84692 78934 66616 88574 22199 33567 
50343 42110 62671 15490 90846 89001 39434 47397 72375 80042 
7120 85442 32216 31809 87646 44626 17188 26591 67482 53081 
12469 107 89330 94286 16189 74022 89573 99158 78949 28124 
32725 29292 70235 11748 61134 77433 17101 16920 41182 89477 
96962 64654 91271 29179 96463 95269 90157 30004 21860 57640 
83085 34329 74099 88767 44968 90288 62790 50893 89446 58091 
79017 38523 3735 65604 50272 64869 43037 83725 98142 571 
89554 95104 65226 80825 40635 61689 76095 30793 8045 97955 
4785 91131 48637 78884 79898 93605 85524 59040 44498 91323 
17131 39867 29846 37218 5472 96470 2088 64861 96548 16582 
65433 86102 11686 47011 66928 52322 8700 43023 99467 16746 
57330 4252 24229 5967 99488 4127 15924 85012 63168 76774 
76335 96651 16642 22534 33870 38466 35356 52310 3327 31904 
-9
53094 1167 37049 11080 8304 73157 91292 61515 16492 23245 
17849 92535 14270 73893 96455 11444 33560 29155 99298 72121 
48159 43026 15318 87096 28722 68348 31785 7689 10194 54524 
10870 63288 72043 64271 90720 96699 53780 98365 74566 70272 
37962 92416 62807 68585 82661 75614 96381 16221 4770 95680 
4694 52929 38706 20012 56377 67428 88360 88162 91469 14906 
59038 2339 94546 47433 66610 85267 44133 20390 99984 18699 
7014 37946 27467 86174 22883 10128 61788 19265 42701 66558 
14945 47395 35839 70003 83760 92217 37431 72120 80379 28900 
87027 55770 47591 81573 3203 30553 83192 63688 67295 99528 
82388 74309 53827 26207 60483 76710 36336 22272 95975 95389 
5182 27272 59137 41022 97275 42897 33239 34706 31369 29970 
79958 34748 2092 43901 16322 5296 74454 15866 68984 41749 
31747 67724 16059 85574 93932 92894 78636 46620 31518 90964 
42009 36701 18236 1146 77723 15512 60395 27314 66570 91765 
73636 62881 26513 75729 6782 59187 97377 81237 91406 66361 
22986 23153 50438 55397 25079 44370 48292 3715 90990 79810 
94679 49351 32863 12916 66850 10586 44780 27245 54252 11350 
35362 44241 90583 61876 19970 97366 37415 17347 78603 28821 
60 17941 68326 50498 73339 93405 11220 37983 13473 2210 
17793 8152 67914 50657 37420 34764 77595 98552 78361 48200 
26255 13724 92441 16838 91952 28763 14204 45719 46110 9159 
74541 62522 27101 59219 29373 440 52625 40593 54775 82450 
59156 72568 90602 27070 39577 44375 78186 33525 42927 72899 
98077 69182 2975 6870 2373 94927 35633 16577 56999 98095 
25737 47892 60617 52838 7111 6342 69630 76088 46936 24405 
58538 6092 13325 65493 49514 69255 26220 27700 19132 69147 
16951 17209 54682 19927 40431 57055 31206 76064 89984 88205 
74159 15721 36097 51128 84911 43209 57471 70893 35649 20759 
95298 94188 26851 24976 76033 92717 10583 2253 36769 29715 
87752 53720 63276 42434 73647 3707 15841 21206 96123 22178 
9411 70282 37899 61861 37762 39163 5070 11585 10056 57071 
32344 21707 51259 59195 46683 27292 68264 57266 45897 5033 
3333 33650 58754 82961 76084 48753 86668 8278 69959 99143 
30456 79371 69425 84707 57584 23539 23870 62654 35125 50279 
36077 67469 71986 87337 43017 35021 30981 11281 8639 76879 
16315 11972 10529 91421 94933 2965 40174 97953 27595 26486 
97096 74403 22209 82873 59111 79793 6412 99333 58799 57889 
65964 94876 25359 37950 98565 68376 72971 45899 96009 81610 
22778 28676 9934 49659 20097 21219 68976 76624 19172 12924 
3110 32620 87327 25319 31845 62790 5112 54610 78476 63911 
12499 44440 75139 54210 82391 73705 38938 71714 19604 34948 
53325 58734 63624 79611 24745 74 831 93721 76698 36355 
6645 96160 68976 10325 21479 17173 73115 42943 71783 67943 
23206 635 12384 98345 54845 11127 88402 93784 82841 8006 
45084 52518 83092 25060 32130 7837 25134 32961 1559 18184 
69316 24556 14344 54644 34881 35823 88170 24349 95118 59953 
92292 18324 76940 4676 33022 31786 15803 21424 41922 14997 
45783 87006 67515 28875 12066 99645 36713 53553 48958 54624 
71737 34627 79180 86082 5623 14062 38257 93793 54763 33376 
70099 47055 68052 47039 68084 17426 95177 83887 38851 53451 
15236 986 40457 82752 29861 68876 98749 82926 22429 64060 
37550 10518 98687 33083 96600 20662 63497 51210 14456 18260 
84586 907 65315 68990 64298 33399 86417 75828 33639 41620 
29279 48875 42606 86089 47979 88819 54965 46729 88098 93746 
27141 25648 4264 25828 58731 17217 62842 22228 68427 93650 
56840 69365 94557 22156 54707 58856 71907 41124 34684 21898 
99096 63963 87126 58054 66404 35105 63226 21369 98186 51324 
31467 25327 93324 52084 67507 68408 69301 30350 90636 37728 
24000 47477 23445 34910 85985 78152 93766 74244 35629 44802 
96143 34725 25117 83269 9132 91522 34726 72358 29243 32913 
40034 60711 74592 33358 12795 42100 1766 98448 88802 8755 
52528 29154 72584 75973 64064 74921 54125 74182 49165 6106 
18984 61660 57184 60454 61281 66316 68328 96008 55026 97571 
28921 95060 74634 19865 28418 3781 61965 46537 2229 67119 
55292 54757 96274 44228 47082 60338 19149 1208 50873 68314 
23666 86209 46327 80850 46663 7608 47166 14991 3616 2192 
28915 48889 13604 3549 68755 58375 7331 47072 4912 25912 
14192 76556 80670 26818 20784 27752 3508 39933 45312 54381 
24599 68979 40591 70926 66181 3606 78535 29700 18598 98503 
48244 47513 47393 61849 67414 32500 20224 91097 79572 25136 
17010 10116 1692 97680 53286 38828 41784 56795 78761 87097 
11176 19712 72428 68119 90639 38609 71726 85526 68309 6676 
84029 16554 70541 47774 94755 37955 80274 14979 29053 76199 
56467 62415 2667 74511 60095 55954 13339 1879 12749 8452 
5328 40277 28164 94108 24749 35155 49070 12827 37033 33731 
19503 21063 50285 90044 85189 61392 44351 81816 92723 89756 
58015 49190 52171 77034 40053 28618 32988 53392 30498 62089 
78196 52178 18719 22713 46287 43468 57868 95357 56295 94902 
29088 92150 32317 95726 82194 17506 73470 42897 99322 66194 
32654 73689 15384 1177 50724 55438 29796 64 25182 76646 
62154 19731 28824 80873 42444 91463 40693 312 3172 13340 
11566 48613 5490 60235 60691 4036 94094 34161 46933 9768 
355 95939 83458 32092 97117 50534 3882 26913 50598 45416 
3559 29104 65147 48735 26329 7591 40199 67022 24256 59723 
96714 52174 8336 2204 12410 85379 22592 6504 19541 85878 
16272 36248 81817 16082 84692 78934 66616 88574 22199 33567 
50343 42110 62671 15490 90846 89001 39434 47397 72375 80042 
7120 85442 32216 31809 87646 44626 17188 26591 67482 53081 
12469 107 89330 94286 16189 74022 89573 99158 78949 28124 
32725 29292 70235 11748 61134 77433 17101 16920 41182 89477 
96962 64654 91271 29179 96463 95269 90157 30004 21860 57640 
83085 34329 74099 88767 44968 90288 62790 50893 89446 58091 
79017 38523 3735 65604 50272 64869 43037 83725 98142 571 
89554 95104 65226 80825 40635 61689 76095 30793 8045 97955 
4785 91131 48637 78884 79898 93605 85524 59040 44498 91323 
17131 39867 29846 37218 5472 96470 2088 64861 96548 16582 
65433 86102 11686 47011 66928 52322 8700 43023 99467 16746 
57330 4252 24229 5967 99488 4127 15924 85012 63168 76774 
76335 96651 16642 22534 33870 38466 35356 52310 3327 31904 
-9

53094 1167 1146 60 440 74 64 312 107 355 831 635 
571 986 907 37049 11080 8304 7689 4770 4694 2339 
2092 1559 1208 1177 1766 1692 1879 2088 2210 2192 
2204 2253 2229 3203 2975 2373 2965 2667 3110 3172 
3715 3707 3333 3327 3616 3549 3508 3606 3559 4676 
4264 3781 3735 4036 3882 4252 4127 7014 5182 5070 
5033 4912 4785 5112 5296 6782 6342 6092 5623 5328 
5490 5472 5967 6106 6412 6645 6504 6676 6870 7111 
7608 7331 7120 7591 8152 8006 7837 8045 8278 10194 
10128 9159 8639 8452 8336 9132 8755 8700 9411 10056 
9934 9768 10116 10870 10586 10583 10529 10325 10518 16492 
14270 11444 11350 11220 11127 11176 11281 12916 11585 11566 
11972 11748 11686 12499 12384 12066 12410 12469 12795 12749 
12827 13473 13325 12924 13339 13340 13724 13604 14204 14062 
14192 15318 14906 14344 14456 14945 14997 14991 14979 15236 
16221 15866 15512 15384 15490 15721 15841 15803 16059 15924 
16082 16189 16322 16315 16272 23245 17849 17347 16838 16577 
16554 16582 16746 16642 16951 16920 17209 17173 17010 17101 
17131 17188 17217 17793 17426 17506 20012 18699 18236 17941 
18184 18324 18260 18598 19265 19132 18984 18719 19172 19149 
19970 19927 19604 19503 19541 19865 19712 19731 20390 20097 
20224 22883 22272 20759 20662 21206 20784 21063 22178 21707 
21219 21479 21424 21369 22156 21898 21860 22209 22199 22228 
22778 22429 22713 22592 22534 22986 23153 23206 33560 29155 
28722 27467 26207 25079 24405 23539 23445 23870 23666 24349 
24000 24256 24229 24976 24745 24556 24599 24749 25060 25737 
25359 25319 25134 25117 25136 25182 25327 25648 25828 25912 
27272 26513 26255 26220 26486 26329 27245 27101 27070 26851 
26818 26591 26913 27141 27314 27292 27700 27595 28676 28418 
27752 28164 28124 28618 28900 28821 28763 28875 28824 29154 
28921 28915 29053 29088 29104 31785 30553 29970 29373 29279 
29243 29179 29292 29715 29700 29861 29796 29846 30456 30350 
30004 30498 31369 31206 30981 30793 31747 31518 31467 33239 
32863 32344 31845 31786 31809 32130 32092 31904 32317 32216 
32620 32500 32654 32725 32961 32913 33022 32988 33083 33525 
33376 33358 33399 35839 34706 33650 33639 33567 34627 33731 
34161 33870 34329 34684 34748 34725 34726 35362 34764 35125 
35021 34948 34881 34910 35105 35155 35356 35633 35629 35649 
35823 36336 36097 36077 36248 36701 36355 36769 36713 37033 
48159 43026 37962 37946 37431 37415 37218 37420 37899 37762 
37550 37728 37950 37955 38706 37983 38257 38609 38523 38466 
42701 41022 40593 39577 39163 38938 38851 38828 39434 40431 
40174 40034 39933 39867 40053 40277 40199 40457 40591 40693 
40635 41749 41620 41124 41182 42009 41922 41784 42434 42100 
42110 42606 42444 42897 42927 43017 42943 43023 47433 44133 
43901 43209 43037 43468 47395 46620 44370 44241 44228 44351 
44780 44375 44440 44626 44498 45719 45084 44802 44968 45312 
45416 46110 45897 45783 45899 46537 46327 46287 46936 46683 
46663 46729 46933 47055 47039 47011 47082 47072 47166 47393 
47397 47591 47477 47513 47892 47774 47979 52929 50438 48292 
48200 48244 49351 48753 48613 48735 48637 48958 48875 48889 
49165 49070 49190 49514 50279 49659 50272 50285 50343 50498 
50657 50534 50598 52625 51128 50873 50724 50893 51259 51210 
52518 51324 52084 52171 52178 52174 52322 52310 52528 52838 
53081 73157 61515 54524 53780 53720 53325 53286 53553 53451 
53392 53827 54252 54210 54125 54381 56377 55770 55397 54775 
54682 54610 54644 54624 54763 54707 54757 54845 54965 55026 
55292 55438 55954 56295 59038 56999 56840 56795 56467 58538 
57055 57471 57071 57266 57184 57330 57584 57889 57868 57640 
58054 58015 58375 58091 58754 58734 58731 58799 58856 60483 
59137 59111 59040 60395 59187 59156 59219 59195 59953 59723 
60338 60095 60235 60454 60617 60711 60691 61281 61134 61392 
72121 68348 63288 62807 61788 61660 61689 61876 61861 61849 
62522 61965 62415 62089 62154 62654 62790 62671 62881 62842 
63276 63226 63168 64271 63688 63624 63497 63911 64060 63963 
64064 67428 66610 66558 66361 65493 65315 64298 65147 64654 
64869 64861 65226 65433 65964 65604 66316 66181 66194 66404 
66570 67295 66850 66616 67119 67022 66928 67414 67724 67469 
67515 67507 67482 68326 67914 68264 67943 68052 68084 68119 
68314 68309 68328 72043 70272 68585 68376 68427 68408 70003 
68984 68976 68876 68755 68979 69182 69147 68990 69630 69255 
69425 69316 69301 69365 69959 70099 70235 70893 70282 70541 
71986 71714 70926 71783 71737 71726 71907 72120 72568 72358 
72428 72375 72899 72584 72971 73115 91292 73893 73636 73339 
73470 73647 73705 73689 87096 74566 74309 74159 74022 74099 
74244 74182 74454 74403 74541 74511 82661 75614 75139 74592 
74921 74634 80379 76710 75729 76088 76064 76033 75828 75973 
76084 76624 76556 76199 76095 76335 76698 76646 79958 78636 
77723 77595 76879 76774 76940 77034 77433 78603 78361 78186 
78152 78196 78476 78535 79810 79371 79180 78761 78934 78884 
78949 79017 79793 79611 79572 79898 80274 80042 81573 81237 
80850 80670 80825 80873 82388 81610 81816 82194 81817 82450 
82391 85267 83760 83192 82961 82873 82841 82752 82926 83092 
83085 83269 83458 83725 84911 84707 83887 84586 84029 84692 
85189 85012 86174 85574 85526 85379 85442 85524 86082 85985 
85878 86089 86102 87027 86668 86417 86209 87006 90720 88360 
88162 87752 87337 87327 87126 87097 87646 88098 88205 88170 
90583 89984 88402 88819 88802 88574 88767 89756 89001 89330 
89573 89477 89446 89554 90044 90157 90288 90602 90636 90639 
90964 90846 95990 91097 91271 91131 92535 92416 91469 91406 
91323 91421 91463 92217 91765 91522 91952 92150 92292 92441 
96455 96381 95680 94546 93932 92894 92717 92723 93405 93324 
93721 93650 93605 93784 93746 93766 93793 94188 94108 94094 
94286 95389 94679 94557 94927 94876 94755 94902 95298 94933 
95118 95060 95104 95177 95269 95357 95975 95726 95939 96123 
96009 96008 96160 96143 96274 99298 96699 96600 96463 96470 
96548 96651 98365 97275 97096 96714 96962 97117 97377 97366 
98077 97953 97571 97680 97955 98095 98345 98186 98142 98552 
98448 98503 99143 98565 98749 98687 99096 99158 99984 99528 
99333 99322 99467 99488 99645 -1

53094 1167 1146 60 440 74 64 312 107 355 831 635 
571 986 907 37049 11080 8304 7689 4770 4694 2339 
2092 1559 1208 1177 1766 1692 1879 2088 2210 2192 
2204 2253 2229 3203 2975 2373 2965 2667 3110 3172 
3715 3707 3333 3327 3616 3549 3508 3606 3559 4676 
4264 3781 3735 4036 3882 4252 4127 7014 5182 5070 
5033 4912 4785 5112 5296 6782 6342 6092 5623 5328 
5490 5472 5967 6106 6412 6645 6504 6676 6870 7111 
7608 7331 7120 7591 8152 8006 7837 8045 8278 10194 
10128 9159 8639 8452 8336 9132 8755 8700 9411 10056 
9934 9768 10116 10870 10586 10583 10529 10325 10518 16492 
14270 11444 11350 11220 11127 11176 11281 12916 11585 11566 
11972 11748 11686 12499 12384 12066 12410 12469 12795 12749 
12827 13473 13325 12924 13339 13340 13724 13604 14204 14062 
14192 15318 14906 14344 14456 14945 14997 14991 14979 15236 
16221 15866 15512 15384 15490 15721 15841 15803 16059 15924 
16082 16189 16322 16315 16272 23245 17849 17347 16838 16577 
16554 16582 16746 16642 16951 16920 17209 17173 17010 17101 
17131 17188 17217 17793 17426 17506 20012 18699 18236 17941 
18184 18324 18260 18598 19265 19132 18984 18719 19172 19149 
19970 19927 19604 19503 19541 19865 19712 19731 20390 20097 
20224 22883 22272 20759 20662 21206 20784 21063 22178 21707 
21219 21479 21424 21369 22156 21898 21860 22209 22199 22228 
22778 22429 22713 22592 22534 22986 23153 23206 33560 29155 
28722 27467 26207 25079 24405 23539 23445 23870 23666 24349 
24000 24256 24229 24976 24745 24556 24599 24749 25060 25737 
25359 25319 25134 25117 25136 25182 25327 25648 25828 25912 
27272 26513 26255 26220 26486 26329 27245 27101 27070 26851 
26818 26591 26913 27141 27314 27292 27700 27595 28676 28418 
27752 28164 28124 28618 28900 28821 28763 28875 28824 29154 
28921 28915 29053 29088 29104 31785 30553 29970 29373 29279 
29243 29179 29292 29715 29700 29861 29796 29846 30456 30350 
30004 30498 31369 31206 30981 30793 31747 31518 31467 33239 
32863 32344 31845 31786 31809 32130 32092 31904 32317 32216 
32620 32500 32654 32725 32961 32913 33022 32988 33083 33525 
33376 33358 33399 35839 34706 33650 33639 33567 34627 33731 
34161 33870 34329 34684 34748 34725 34726 35362 34764 35125 
35021 34948 34881 34910 35105 35155 35356 35633 35629 35649 
35823 36336 36097 36077 36248 36701 36355 36769 36713 37033 
48159 43026 37962 37946 37431 37415 37218 37420 37899 37762 
37550 37728 37950 37955 38706 37983 38257 38609 38523 38466 
42701 41022 40593 39577 39163 38938 38851 38828 39434 40431 
40174 40034 39933 39867 40053 40277 40199 40457 40591 40693 
40635 41749 41620 41124 41182 42009 41922 41784 42434 42100 
42110 42606 42444 42897 42927 43017 42943 43023 47433 44133 
43901 43209 43037 43468 47395 46620 44370 44241 44228 44351 
44780 44375 44440 44626 44498 45719 45084 44802 44968 45312 
45416 46110 45897 45783 45899 46537 46327 46287 46936 46683 
46663 46729 46933 47055 47039 47011 47082 47072 47166 47393 
47397 47591 47477 47513 47892 47774 47979 52929 50438 48292 
48200 48244 49351 48753 48613 48735 48637 48958 48875 48889 
49165 49070 49190 49514 50279 49659 50272 50285 50343 50498 
50657 50534 50598 52625 51128 50873 50724 50893 51259 51210 
52518 51324 52084 52171 52178 52174 52322 52310 52528 52838 
53081 73157 61515 54524 53780 53720 53325 53286 53553 53451 
53392 53827 54252 54210 54125 54381 56377 55770 55397 54775 
54682 54610 54644 54624 54763 54707 54757 54845 54965 55026 
55292 55438 55954 56295 59038 56999 56840 56795 56467 58538 
57055 57471 57071 57266 57184 57330 57584 57889 57868 57640 
58054 58015 58375 58091 58754 58734 58731 58799 58856 60483 
59137 59111 59040 60395 59187 59156 59219 59195 59953 59723 
60338 60095 60235 60454 60617 60711 60691 61281 61134 61392 
72121 68348 63288 62807 61788 61660 61689 61876 61861 61849 
62522 61965 62415 62089 62154 62654 62790 62671 62881 62842 
63276 63226 63168 64271 63688 63624 63497 63911 64060 63963 
64064 67428 66610 66558 66361 65493 65315 64298 65147 64654 
64869 64861 65226 65433 65964 65604 66316 66181 66194 66404 
66570 67295 66850 66616 67119 67022 66928 67414 67724 67469 
67515 67507 67482 68326 67914 68264 67943 68052 68084 68119 
68314 68309 68328 72043 70272 68585 68376 68427 68408 70003 
68984 68976 68876 68755 68979 69182 69147 68990 69630 69255 
69425 69316 69301 69365 69959 70099 70235 70893 70282 70541 
71986 71714 70926 71783 71737 71726 71907 72120 72568 72358 
72428 72375 72899 72584 72971 73115 91292 73893 73636 73339 
73470 73647 73705 73689 87096 74566 74309 74159 74022 74099 
74244 74182 74454 74403 74541 74511 82661 75614 75139 74592 
74921 74634 80379 76710 75729 76088 76064 76033 75828 75973 
76084 76624 76556 76199 76095 76335 76698 76646 79958 78636 
77723 77595 76879 76774 76940 77034 77433 78603 78361 78186 
78152 78196 78476 78535 79810 79371 79180 78761 78934 78884 
78949 79017 79793 79611 79572 79898 80274 80042 81573 81237 
80850 80670 80825 80873 82388 81610 81816 82194 81817 82450 
82391 85267 83760 83192 82961 82873 82841 82752 82926 83092 
83085 83269 83458 83725 84911 84707 83887 84586 84029 84692 
85189 85012 86174 85574 85526 85379 85442 85524 86082 85985 
85878 86089 86102 87027 86668 86417 86209 87006 90720 88360 
88162 87752 87337 87327 87126 87097 87646 88098 88205 88170 
90583 89984 88402 88819 88802 88574 88767 89756 89001 89330 
89573 89477 89446 89554 90044 90157 90288 90602 90636 90639 
90964 90846 90990 91097 91271 91131 92535 92416 91469 91406 
91323 91421 91463 92217 91765 91522 91952 92150 92292 92441 
96455 96381 95680 94546 93932 92894 92717 92723 93405 93324 
93721 93650 93605 93784 93746 93766 93793 94188 94108 94094 
94286 95389 94679 94557 94927 94876 94755 94902 95298 94933 
95118 95060 95104 95177 95269 95357 95975 95726 95939 96123 
96009 96008 96160 96143 96274 99298 96699 96600 96463 96470 
96548 96651 98365 97275 97096 96714 96962 97117 97377 97366 
98077 97953 97571 97680 97955 98095 98345 98186 98142 98552 
98448 98503 99143 98565 98749 98687 99096 99158 99984 99528 
99333 99322 99467 99488 99645 -1

53094 1167 1146 60 440 74 64 312 107 355 831 635 
571 986 907 37049 11080 8304 7689 4770 4694 2339 
2092 1559 1208 1177 1766 1692 1879 2088 2210 2192 
2204 2253 2229 3203 2975 2373 2965 2667 3110 3172 
3715 3707 3333 3327 3616 3549 3508 3606 3559 4676 
4264 3781 3735 4036 3882 4252 4127 7014 5182 5070 
5033 4912 4785 5112 5296 6782 6342 6092 5623 5328 
5490 5472 5967 6106 6412 6645 6504 6676 6870 7111 
7608 7331 7120 7591 8152 8006 7837 8045 8278 10194 
10128 9159 8639 8452 8336 9132 8755 8700 9411 10056 
9934 9768 10116 10870 10586 10583 10529 10325 10518 16492 
14270 11444 11350 11220 11127 11176 11281 12916 11585 11566 
11972 11748 11686 12499 12384 12066 12410 12469 12795 12749 
12827 13473 13325 12924 13339 13340 13724 13604 14204 14062 
14192 15318 14906 14344 14456 14945 14997 14991 14979 15236 
16221 15866 15512 15384 15490 15721 15841 15803 16059 15924 
16082 16189 16322 16315 16272 23245 17849 17347 16838 16577 
16554 16582 16746 16642 16951 16920 17209 17173 17010 17101 
17131 17188 17217 17793 17426 17506 20012 18699 18236 17941 
18184 18324 18260 18598 19265 19132 18984 18719 19172 19149 
19970 19927 19604 19503 19541 19865 19712 19731 20390 20097 
20224 22883 22272 20759 20662 21206 20784 21063 22178 21707 
21219 21479 21424 21369 22156 21898 21860 22209 22199 22228 
22778 22429 22713 22592 22534 22986 23153 23206 33560 29155 
28722 27467 26207 25079 24405 23539 23445 23870 23666 24349 
24000 24256 24229 24976 24745 24556 24599 24749 25060 25737 
25359 25319 25134 25117 25136 25182 25327 25648 25828 25912 
27272 26513 26255 26220 26486 26329 27245 27101 27070 26851 
26818 26591 26913 27141 27314 27292 27700 27595 28676 28418 
27752 28164 28124 28618 28900 28821 28763 28875 28824 29154 
28921 28915 29053 29088 29104 31785 30553 29970 29373 29279 
29243 29179 29292 29715 29700 29861 29796 29846 30456 30350 
30004 30498 31369 31206 30981 30793 31747 31518 31467 33239 
32863 32344 31845 31786 31809 32130 32092 31904 32317 32216 
32620 32500 32654 32725 32961 32913 33022 32988 33083 33525 
33376 33358 33399 35839 34706 33650 33639 33567 34627 33731 
34161 33870 34329 34684 34748 34725 34726 35362 34764 35125 
35021 34948 34881 34910 35105 35155 35356 35633 35629 35649 
35823 36336 36097 36077 36248 36701 36355 36769 36713 37033 
48159 43026 37962 37946 37431 37415 37218 37420 37899 37762 
37550 37728 37950 37955 38706 37983 38257 38609 38523 38466 
42701 41022 40593 39577 39163 38938 38851 38828 39434 40431 
40174 40034 39933 39867 40053 40277 40199 40457 40591 40693 
40635 41749 41620 41124 41182 42009 41922 41784 42434 42100 
42110 42606 42444 42897 42927 43017 42943 43023 47433 44133 
43901 43209 43037 43468 47395 46620 44370 44241 44228 44351 
44780 44375 44440 44626 44498 45719 45084 44802 44968 45312 
45416 46110 45897 45783 45899 46537 46327 46287 46936 46683 
46663 46729 46933 47055 47039 47011 47082 47072 47166 47393 
47397 47591 47477 47513 47892 47774 47979 52929 50438 48292 
48200 48244 49351 48753 48613 48735 48637 48958 48875 48889 
49165 49070 49190 49514 50279 49659 50272 50285 50343 50498 
50657 50534 50598 52625 51128 50873 50724 50893 51259 51210 
52518 51324 52084 52171 52178 52174 52322 52310 52528 52838 
53081 73157 61515 54524 53780 53720 53325 53286 53553 53451 
53392 53827 54252 54210 54125 54381 56377 55770 55397 54775 
54682 54610 54644 54624 54763 54707 54757 54845 54965 55026 
55292 55438 55954 56295 59038 56999 56840 56795 56467 58538 
57055 57471 57071 57266 57184 57330 57584 57889 57868 57640 
58054 58015 58375 58091 58754 58734 58731 58799 58856 60483 
59137 59111 59040 60395 59187 59156 59219 59195 59953 59723 
60338 60095 60235 60454 60617 60711 60691 61281 61134 61392 
72121 68348 63288 62807 61788 61660 61689 61876 61861 61849 
62522 61965 62415 62089 62154 62654 62790 62671 62881 62842 
63276 63226 63168 64271 63688 63624 63497 63911 64060 63963 
64064 67428 66610 66558 66361 65493 65315 64298 65147 64654 
64869 64861 65226 65433 65964 65604 66316 66181 66194 66404 
66570 67295 66850 66616 67119 67022 66928 67414 67724 67469 
67515 67507 67482 68326 67914 68264 67943 68052 68084 68119 
68314 68309 68328 72043 70272 68585 68376 68427 68408 70003 
68984 68976 68876 68755 68979 69182 69147 68990 69630 69255 
69425 69316 69301 69365 69959 70099 70235 70893 70282 70541 
71986 71714 70926 71783 71737 71726 71907 72120 72568 72358 
72428 72375 72899 72584 72971 73115 91292 73893 73636 73339 
73470 73647 73705 73689 87096 74566 74309 74159 74022 74099 
74244 74182 74454 74403 74541 74511 82661 75614 75139 74592 
74921 74634 80379 76710 75729 76088 76064 76033 75828 75973 
76084 76624 76556 76199 76095 76335 76698 76646 79958 78636 
77723 77595 76879 76774 76940 77034 77433 78603 78361 78186 
78152 78196 78476 78535 79810 79371 79180 78761 78934 78884 
78949 79017 79793 79611 79572 79898 80274 80042 81573 81237 
80850 80670 80825 80873 82388 81610 81816 82194 81817 82450 
82391 85267 83760 83192 82961 82873 82841 82752 82926 83092 
83085 83269 83458 83725 84911 84707 83887 84586 84029 84692 
85189 85012 86174 85574 85526 85379 85442 85524 86082 85985 
85878 86089 86102 87027 86668 86417 86209 87006 90720 88360 
88162 87752 87337 87327 87126 87097 87646 88098 88205 88170 
90583 89984 88402 88819 88802 88574 88767 89756 89001 89330 
89573 89477 89446 89554 90044 90157 90288 90602 90636 90639 
90964 90846 90990 91097 91271 91131 92535 92416 91469 91406 
91323 91421 91463 92217 91765 91522 91952 92150 92292 92441 
96455 96381 95680 94546 93932 92894 92717 92723 93405 93324 
93721 93650 93605 93784 93746 93766 93793 94188 94108 94094 
94286 95389 94679 94557 94927 94876 94755 94902 95298 94933 
95118 95060 95104 95177 95269 95357 95975 95726 95939 96123 
96009 96008 96160 96143 96274 99298 96699 96600 96463 96470 
96548 96651 98365 97275 97096 96714 96962 97117 97377 97366 
98077 97953 97571 97680 97955 98095 98345 98186 98142 98552 
98448 98503 99143 98565 98749 98687 99096 99158 99984 99528 
99333 99322 99467 99488 90945 -1

